{
 "cells": [
  {
   "cell_type": "code",
   "execution_count": 1,
   "id": "6f0256c1",
   "metadata": {},
   "outputs": [],
   "source": [
    "import numpy as np\n",
    "import pandas as pd\n",
    "import matplotlib.pyplot as plt\n",
    "import plotly.express as px\n"
   ]
  },
  {
   "cell_type": "code",
   "execution_count": 2,
   "id": "24942aea",
   "metadata": {},
   "outputs": [],
   "source": [
    "city_day_data = pd.read_csv('../data/comparison_city_day.csv')"
   ]
  },
  {
   "cell_type": "code",
   "execution_count": 3,
   "id": "eac2afb6",
   "metadata": {},
   "outputs": [
    {
     "data": {
      "text/html": [
       "<div>\n",
       "<style scoped>\n",
       "    .dataframe tbody tr th:only-of-type {\n",
       "        vertical-align: middle;\n",
       "    }\n",
       "\n",
       "    .dataframe tbody tr th {\n",
       "        vertical-align: top;\n",
       "    }\n",
       "\n",
       "    .dataframe thead th {\n",
       "        text-align: right;\n",
       "    }\n",
       "</style>\n",
       "<table border=\"1\" class=\"dataframe\">\n",
       "  <thead>\n",
       "    <tr style=\"text-align: right;\">\n",
       "      <th></th>\n",
       "      <th>City</th>\n",
       "      <th>Date</th>\n",
       "      <th>PM2.5</th>\n",
       "      <th>PM10</th>\n",
       "      <th>NO</th>\n",
       "      <th>NO2</th>\n",
       "      <th>NOx</th>\n",
       "      <th>NH3</th>\n",
       "      <th>CO</th>\n",
       "      <th>SO2</th>\n",
       "      <th>O3</th>\n",
       "      <th>Benzene</th>\n",
       "      <th>Toluene</th>\n",
       "      <th>AQI</th>\n",
       "      <th>AQI_Bucket</th>\n",
       "    </tr>\n",
       "  </thead>\n",
       "  <tbody>\n",
       "    <tr>\n",
       "      <th>0</th>\n",
       "      <td>Delhi</td>\n",
       "      <td>2015-01-01</td>\n",
       "      <td>313.22</td>\n",
       "      <td>607.98</td>\n",
       "      <td>69.16</td>\n",
       "      <td>36.39</td>\n",
       "      <td>110.59</td>\n",
       "      <td>33.85</td>\n",
       "      <td>15.20</td>\n",
       "      <td>9.25</td>\n",
       "      <td>41.68</td>\n",
       "      <td>14.36</td>\n",
       "      <td>24.86</td>\n",
       "      <td>472.0</td>\n",
       "      <td>Severe</td>\n",
       "    </tr>\n",
       "    <tr>\n",
       "      <th>1</th>\n",
       "      <td>Delhi</td>\n",
       "      <td>2015-01-02</td>\n",
       "      <td>186.18</td>\n",
       "      <td>269.55</td>\n",
       "      <td>62.09</td>\n",
       "      <td>32.87</td>\n",
       "      <td>88.14</td>\n",
       "      <td>31.83</td>\n",
       "      <td>9.54</td>\n",
       "      <td>6.65</td>\n",
       "      <td>29.97</td>\n",
       "      <td>10.55</td>\n",
       "      <td>20.09</td>\n",
       "      <td>454.0</td>\n",
       "      <td>Severe</td>\n",
       "    </tr>\n",
       "    <tr>\n",
       "      <th>2</th>\n",
       "      <td>Delhi</td>\n",
       "      <td>2015-01-03</td>\n",
       "      <td>87.18</td>\n",
       "      <td>131.90</td>\n",
       "      <td>25.73</td>\n",
       "      <td>30.31</td>\n",
       "      <td>47.95</td>\n",
       "      <td>69.55</td>\n",
       "      <td>10.61</td>\n",
       "      <td>2.65</td>\n",
       "      <td>19.71</td>\n",
       "      <td>3.91</td>\n",
       "      <td>10.23</td>\n",
       "      <td>143.0</td>\n",
       "      <td>Moderate</td>\n",
       "    </tr>\n",
       "    <tr>\n",
       "      <th>3</th>\n",
       "      <td>Delhi</td>\n",
       "      <td>2015-01-04</td>\n",
       "      <td>151.84</td>\n",
       "      <td>241.84</td>\n",
       "      <td>25.01</td>\n",
       "      <td>36.91</td>\n",
       "      <td>48.62</td>\n",
       "      <td>130.36</td>\n",
       "      <td>11.54</td>\n",
       "      <td>4.63</td>\n",
       "      <td>25.36</td>\n",
       "      <td>4.26</td>\n",
       "      <td>9.71</td>\n",
       "      <td>319.0</td>\n",
       "      <td>Very Poor</td>\n",
       "    </tr>\n",
       "    <tr>\n",
       "      <th>4</th>\n",
       "      <td>Delhi</td>\n",
       "      <td>2015-01-05</td>\n",
       "      <td>146.60</td>\n",
       "      <td>219.13</td>\n",
       "      <td>14.01</td>\n",
       "      <td>34.92</td>\n",
       "      <td>38.25</td>\n",
       "      <td>122.88</td>\n",
       "      <td>9.20</td>\n",
       "      <td>3.33</td>\n",
       "      <td>23.20</td>\n",
       "      <td>2.80</td>\n",
       "      <td>6.21</td>\n",
       "      <td>325.0</td>\n",
       "      <td>Very Poor</td>\n",
       "    </tr>\n",
       "  </tbody>\n",
       "</table>\n",
       "</div>"
      ],
      "text/plain": [
       "    City       Date   PM2.5    PM10     NO    NO2     NOx     NH3     CO  \\\n",
       "0  Delhi 2015-01-01  313.22  607.98  69.16  36.39  110.59   33.85  15.20   \n",
       "1  Delhi 2015-01-02  186.18  269.55  62.09  32.87   88.14   31.83   9.54   \n",
       "2  Delhi 2015-01-03   87.18  131.90  25.73  30.31   47.95   69.55  10.61   \n",
       "3  Delhi 2015-01-04  151.84  241.84  25.01  36.91   48.62  130.36  11.54   \n",
       "4  Delhi 2015-01-05  146.60  219.13  14.01  34.92   38.25  122.88   9.20   \n",
       "\n",
       "    SO2     O3  Benzene  Toluene    AQI AQI_Bucket  \n",
       "0  9.25  41.68    14.36    24.86  472.0     Severe  \n",
       "1  6.65  29.97    10.55    20.09  454.0     Severe  \n",
       "2  2.65  19.71     3.91    10.23  143.0   Moderate  \n",
       "3  4.63  25.36     4.26     9.71  319.0  Very Poor  \n",
       "4  3.33  23.20     2.80     6.21  325.0  Very Poor  "
      ]
     },
     "execution_count": 3,
     "metadata": {},
     "output_type": "execute_result"
    }
   ],
   "source": [
    "city_df = city_day_data.copy()\n",
    "city_df['Date'] = pd.to_datetime(city_df['Date'])\n",
    "city_df = city_df[city_df['AQI'].notna()].reset_index(drop=True)\n",
    "city_df = city_df.sort_values(by = ['Date','City'])\n",
    "city_df = city_df.reset_index(drop=True)\n",
    "city_df.head(5)"
   ]
  },
  {
   "cell_type": "code",
   "execution_count": 4,
   "id": "300caa0b",
   "metadata": {},
   "outputs": [
    {
     "data": {
      "text/html": [
       "<div>\n",
       "<style scoped>\n",
       "    .dataframe tbody tr th:only-of-type {\n",
       "        vertical-align: middle;\n",
       "    }\n",
       "\n",
       "    .dataframe tbody tr th {\n",
       "        vertical-align: top;\n",
       "    }\n",
       "\n",
       "    .dataframe thead th {\n",
       "        text-align: right;\n",
       "    }\n",
       "</style>\n",
       "<table border=\"1\" class=\"dataframe\">\n",
       "  <thead>\n",
       "    <tr style=\"text-align: right;\">\n",
       "      <th></th>\n",
       "      <th>PM2.5</th>\n",
       "      <th>PM10</th>\n",
       "      <th>NO</th>\n",
       "      <th>NO2</th>\n",
       "      <th>NOx</th>\n",
       "      <th>NH3</th>\n",
       "      <th>CO</th>\n",
       "      <th>SO2</th>\n",
       "      <th>O3</th>\n",
       "      <th>Benzene</th>\n",
       "      <th>Toluene</th>\n",
       "      <th>AQI</th>\n",
       "    </tr>\n",
       "  </thead>\n",
       "  <tbody>\n",
       "    <tr>\n",
       "      <th>PM2.5</th>\n",
       "      <td>1.000000</td>\n",
       "      <td>0.871494</td>\n",
       "      <td>0.469176</td>\n",
       "      <td>0.406199</td>\n",
       "      <td>0.475995</td>\n",
       "      <td>0.316530</td>\n",
       "      <td>0.108662</td>\n",
       "      <td>0.147238</td>\n",
       "      <td>0.181193</td>\n",
       "      <td>0.027294</td>\n",
       "      <td>0.140691</td>\n",
       "      <td>0.702553</td>\n",
       "    </tr>\n",
       "    <tr>\n",
       "      <th>PM10</th>\n",
       "      <td>0.871494</td>\n",
       "      <td>1.000000</td>\n",
       "      <td>0.519079</td>\n",
       "      <td>0.523979</td>\n",
       "      <td>0.556444</td>\n",
       "      <td>0.394602</td>\n",
       "      <td>0.132690</td>\n",
       "      <td>0.253499</td>\n",
       "      <td>0.258167</td>\n",
       "      <td>0.026689</td>\n",
       "      <td>0.197992</td>\n",
       "      <td>0.844010</td>\n",
       "    </tr>\n",
       "    <tr>\n",
       "      <th>NO</th>\n",
       "      <td>0.469176</td>\n",
       "      <td>0.519079</td>\n",
       "      <td>1.000000</td>\n",
       "      <td>0.500006</td>\n",
       "      <td>0.819155</td>\n",
       "      <td>0.220422</td>\n",
       "      <td>0.209814</td>\n",
       "      <td>0.183167</td>\n",
       "      <td>0.005071</td>\n",
       "      <td>0.041333</td>\n",
       "      <td>0.168642</td>\n",
       "      <td>0.462666</td>\n",
       "    </tr>\n",
       "    <tr>\n",
       "      <th>NO2</th>\n",
       "      <td>0.406199</td>\n",
       "      <td>0.523979</td>\n",
       "      <td>0.500006</td>\n",
       "      <td>1.000000</td>\n",
       "      <td>0.664503</td>\n",
       "      <td>0.299580</td>\n",
       "      <td>0.347848</td>\n",
       "      <td>0.399479</td>\n",
       "      <td>0.296289</td>\n",
       "      <td>0.027447</td>\n",
       "      <td>0.261889</td>\n",
       "      <td>0.548254</td>\n",
       "    </tr>\n",
       "    <tr>\n",
       "      <th>NOx</th>\n",
       "      <td>0.475995</td>\n",
       "      <td>0.556444</td>\n",
       "      <td>0.819155</td>\n",
       "      <td>0.664503</td>\n",
       "      <td>1.000000</td>\n",
       "      <td>0.228318</td>\n",
       "      <td>0.238680</td>\n",
       "      <td>0.255367</td>\n",
       "      <td>0.097633</td>\n",
       "      <td>0.043805</td>\n",
       "      <td>0.208113</td>\n",
       "      <td>0.503932</td>\n",
       "    </tr>\n",
       "    <tr>\n",
       "      <th>NH3</th>\n",
       "      <td>0.316530</td>\n",
       "      <td>0.394602</td>\n",
       "      <td>0.220422</td>\n",
       "      <td>0.299580</td>\n",
       "      <td>0.228318</td>\n",
       "      <td>1.000000</td>\n",
       "      <td>0.121293</td>\n",
       "      <td>-0.024005</td>\n",
       "      <td>0.109037</td>\n",
       "      <td>-0.002610</td>\n",
       "      <td>0.034683</td>\n",
       "      <td>0.294658</td>\n",
       "    </tr>\n",
       "    <tr>\n",
       "      <th>CO</th>\n",
       "      <td>0.108662</td>\n",
       "      <td>0.132690</td>\n",
       "      <td>0.209814</td>\n",
       "      <td>0.347848</td>\n",
       "      <td>0.238680</td>\n",
       "      <td>0.121293</td>\n",
       "      <td>1.000000</td>\n",
       "      <td>0.495671</td>\n",
       "      <td>0.051548</td>\n",
       "      <td>0.043718</td>\n",
       "      <td>0.237389</td>\n",
       "      <td>0.654849</td>\n",
       "    </tr>\n",
       "    <tr>\n",
       "      <th>SO2</th>\n",
       "      <td>0.147238</td>\n",
       "      <td>0.253499</td>\n",
       "      <td>0.183167</td>\n",
       "      <td>0.399479</td>\n",
       "      <td>0.255367</td>\n",
       "      <td>-0.024005</td>\n",
       "      <td>0.495671</td>\n",
       "      <td>1.000000</td>\n",
       "      <td>0.182535</td>\n",
       "      <td>0.031671</td>\n",
       "      <td>0.271102</td>\n",
       "      <td>0.465364</td>\n",
       "    </tr>\n",
       "    <tr>\n",
       "      <th>O3</th>\n",
       "      <td>0.181193</td>\n",
       "      <td>0.258167</td>\n",
       "      <td>0.005071</td>\n",
       "      <td>0.296289</td>\n",
       "      <td>0.097633</td>\n",
       "      <td>0.109037</td>\n",
       "      <td>0.051548</td>\n",
       "      <td>0.182535</td>\n",
       "      <td>1.000000</td>\n",
       "      <td>0.013854</td>\n",
       "      <td>0.108078</td>\n",
       "      <td>0.217084</td>\n",
       "    </tr>\n",
       "    <tr>\n",
       "      <th>Benzene</th>\n",
       "      <td>0.027294</td>\n",
       "      <td>0.026689</td>\n",
       "      <td>0.041333</td>\n",
       "      <td>0.027447</td>\n",
       "      <td>0.043805</td>\n",
       "      <td>-0.002610</td>\n",
       "      <td>0.043718</td>\n",
       "      <td>0.031671</td>\n",
       "      <td>0.013854</td>\n",
       "      <td>1.000000</td>\n",
       "      <td>0.774409</td>\n",
       "      <td>0.043167</td>\n",
       "    </tr>\n",
       "    <tr>\n",
       "      <th>Toluene</th>\n",
       "      <td>0.140691</td>\n",
       "      <td>0.197992</td>\n",
       "      <td>0.168642</td>\n",
       "      <td>0.261889</td>\n",
       "      <td>0.208113</td>\n",
       "      <td>0.034683</td>\n",
       "      <td>0.237389</td>\n",
       "      <td>0.271102</td>\n",
       "      <td>0.108078</td>\n",
       "      <td>0.774409</td>\n",
       "      <td>1.000000</td>\n",
       "      <td>0.257159</td>\n",
       "    </tr>\n",
       "    <tr>\n",
       "      <th>AQI</th>\n",
       "      <td>0.702553</td>\n",
       "      <td>0.844010</td>\n",
       "      <td>0.462666</td>\n",
       "      <td>0.548254</td>\n",
       "      <td>0.503932</td>\n",
       "      <td>0.294658</td>\n",
       "      <td>0.654849</td>\n",
       "      <td>0.465364</td>\n",
       "      <td>0.217084</td>\n",
       "      <td>0.043167</td>\n",
       "      <td>0.257159</td>\n",
       "      <td>1.000000</td>\n",
       "    </tr>\n",
       "  </tbody>\n",
       "</table>\n",
       "</div>"
      ],
      "text/plain": [
       "            PM2.5      PM10        NO       NO2       NOx       NH3        CO  \\\n",
       "PM2.5    1.000000  0.871494  0.469176  0.406199  0.475995  0.316530  0.108662   \n",
       "PM10     0.871494  1.000000  0.519079  0.523979  0.556444  0.394602  0.132690   \n",
       "NO       0.469176  0.519079  1.000000  0.500006  0.819155  0.220422  0.209814   \n",
       "NO2      0.406199  0.523979  0.500006  1.000000  0.664503  0.299580  0.347848   \n",
       "NOx      0.475995  0.556444  0.819155  0.664503  1.000000  0.228318  0.238680   \n",
       "NH3      0.316530  0.394602  0.220422  0.299580  0.228318  1.000000  0.121293   \n",
       "CO       0.108662  0.132690  0.209814  0.347848  0.238680  0.121293  1.000000   \n",
       "SO2      0.147238  0.253499  0.183167  0.399479  0.255367 -0.024005  0.495671   \n",
       "O3       0.181193  0.258167  0.005071  0.296289  0.097633  0.109037  0.051548   \n",
       "Benzene  0.027294  0.026689  0.041333  0.027447  0.043805 -0.002610  0.043718   \n",
       "Toluene  0.140691  0.197992  0.168642  0.261889  0.208113  0.034683  0.237389   \n",
       "AQI      0.702553  0.844010  0.462666  0.548254  0.503932  0.294658  0.654849   \n",
       "\n",
       "              SO2        O3   Benzene   Toluene       AQI  \n",
       "PM2.5    0.147238  0.181193  0.027294  0.140691  0.702553  \n",
       "PM10     0.253499  0.258167  0.026689  0.197992  0.844010  \n",
       "NO       0.183167  0.005071  0.041333  0.168642  0.462666  \n",
       "NO2      0.399479  0.296289  0.027447  0.261889  0.548254  \n",
       "NOx      0.255367  0.097633  0.043805  0.208113  0.503932  \n",
       "NH3     -0.024005  0.109037 -0.002610  0.034683  0.294658  \n",
       "CO       0.495671  0.051548  0.043718  0.237389  0.654849  \n",
       "SO2      1.000000  0.182535  0.031671  0.271102  0.465364  \n",
       "O3       0.182535  1.000000  0.013854  0.108078  0.217084  \n",
       "Benzene  0.031671  0.013854  1.000000  0.774409  0.043167  \n",
       "Toluene  0.271102  0.108078  0.774409  1.000000  0.257159  \n",
       "AQI      0.465364  0.217084  0.043167  0.257159  1.000000  "
      ]
     },
     "execution_count": 4,
     "metadata": {},
     "output_type": "execute_result"
    }
   ],
   "source": [
    "# The full correlation matrix of the data is as follows\n",
    "city_df.corr()\n",
    "# Here we observe that almost all pairs of columns have a positive correlation. \n",
    "# NOx has a very high correlation with NO and NO2, something which is expected. \n",
    "\n",
    "# PM2.5 and PM10 have a high correlation. PM2. 5 is the subset of PM10 particles\n",
    "# that have aerodynamic diameters less than or equal to 2.5 μm.\n",
    "\n",
    "# Benzene and toulene also have a high correlation. This is due to the fact that\n",
    "# noth these chemicals are very similar physically and chemically and thus are \n",
    "# expected to exist under similar conditions.\n",
    "\n",
    "# Apart from these, there is abscence of any pair of pollutants with particularly high correlation.\n"
   ]
  },
  {
   "cell_type": "code",
   "execution_count": 5,
   "id": "ac677636",
   "metadata": {
    "scrolled": true
   },
   "outputs": [
    {
     "data": {
      "text/plain": [
       "PM2.5      0.702553\n",
       "PM10       0.844010\n",
       "NO         0.462666\n",
       "NO2        0.548254\n",
       "NOx        0.503932\n",
       "NH3        0.294658\n",
       "CO         0.654849\n",
       "SO2        0.465364\n",
       "O3         0.217084\n",
       "Benzene    0.043167\n",
       "Toluene    0.257159\n",
       "AQI        1.000000\n",
       "Name: AQI, dtype: float64"
      ]
     },
     "execution_count": 5,
     "metadata": {},
     "output_type": "execute_result"
    }
   ],
   "source": [
    "# Lets see the correlation with AQI specifically.\n",
    "city_df.corr().AQI\n"
   ]
  }
 ],
 "metadata": {
  "kernelspec": {
   "display_name": "Python 3 (ipykernel)",
   "language": "python",
   "name": "python3"
  },
  "language_info": {
   "codemirror_mode": {
    "name": "ipython",
    "version": 3
   },
   "file_extension": ".py",
   "mimetype": "text/x-python",
   "name": "python",
   "nbconvert_exporter": "python",
   "pygments_lexer": "ipython3",
   "version": "3.8.10"
  }
 },
 "nbformat": 4,
 "nbformat_minor": 5
}
